33.5	18.04325172
33.4	18.98662692
33.3	19.63314065
33.2	20.15624427
33.1	20.60648804
33.0	21.00705297
32.9	21.37087654
32.8	21.7060569
32.7	22.01806416
32.6	22.3108003
32.5	22.58716541
32.4	22.84938521
32.3	23.09921255
32.2	23.33805738
32.1	23.56707415
32.0	23.78722246
31.9	23.99931031
31.8	24.20402576
31.7	24.40196053
31.6	24.59362799
31.5	24.77947694
31.4	24.95990256
31.3	25.13525492
31.2	25.30584595
31.1	25.47195506
31.0	25.63383363
30.9	25.79170891
30.8	25.94578708
30.7	26.09625593
30.6	26.2432871
30.5	26.38703793
30.4	26.52765309
30.3	26.66526601
30.2	26.8
30.1	26.93196936
30.0	27.06128023
29.9	27.18803142
29.8	27.31231509
29.7	27.43421733
29.6	27.55381877
29.5	27.67119499
29.4	27.78641699
29.3	27.89955156
29.2	28.01066161
29.1	28.11980651
29.0	28.2270423
28.9	28.33242203
28.8	28.43599589
28.7	28.5378115
28.6	28.63791403
28.5	28.7363464
28.4	28.83314942
28.3	28.92836196
28.2	29.02202102
28.1	29.11416192
28.0	29.20481834
27.9	29.29402248
27.8	29.3818051
27.7	29.46819563
27.6	29.55322225
27.5	29.63691197
27.4	29.71929065
27.3	29.80038314
27.2	29.88021325
27.1	29.95880388
27.0	30.03617703
26.9	30.11235383
26.8	30.18735465
26.7	30.26119906
26.6	30.33390592
26.5	30.4054934
26.4	30.47597902
26.3	30.54537966
26.2	30.61371162
26.1	30.68099063
26.0	30.74723187
25.9	30.81245
25.8	30.87665919
25.7	30.93987315
25.6	31.00210511
25.5	31.06336788
25.4	31.12367385
25.3	31.18303502
25.2	31.241463
25.1	31.29896904
25.0	31.35556401
24.9	31.41125847
24.8	31.46606265
24.7	31.51998646
24.6	31.5730395
24.5	31.62523109
24.4	31.67657027
24.3	31.7270658
24.2	31.77672619
24.1	31.82555969
24.0	31.87357431
23.9	31.92077783
23.8	31.96717779
23.7	32.01278153
23.6	32.05759615
23.5	32.10162858
23.4	32.14488551
23.3	32.18737348
23.2	32.22909881
23.1	32.27006765
23.0	32.31028599
22.9	32.34975961
22.8	32.38849417
22.6	32.42649514
22.6	32.46376785
22.4	32.50031746
22.4	32.53614899
22.3	32.57126733
22.1	32.60567722
22.0	32.63938325
21.9	32.6723899
21.8	32.7047015
21.7	32.73632228
21.6	32.76725632
21.5	32.79750759
21.4	32.82707996
21.3	32.85597715
21.2	32.8842028
21.1	32.91176042
21.0	32.93865343
20.9	32.96488514
20.8	32.99045874
20.7	33.01537734
20.6	33.03964395
20.5	33.06326148
20.4	33.08623274
20.3	33.10856045
20.2	33.13024725
20.1	33.15129568
20.0	33.17170819
19.9	33.19148716
19.8	33.21063486
19.7	33.2291535
19.6	33.24704519
19.5	33.26431197
19.4	33.28095581
19.3	33.29697858
19.2	33.31238208
19.1	33.32716803
19.0	33.3413381
18.9	33.35489386
18.8	33.3678368
18.7	33.38016837
18.6	33.39188992
18.5	33.40300273
18.4	33.41350803
18.3	33.42340697
18.2	33.43270062
18.1	33.44139
18.0	33.44947604
17.9	33.45695963
17.8	33.46384157
17.7	33.47012261
17.6	33.47580342
17.5	33.48088461
17.4	33.48536674
17.3	33.48925028
17.2	33.49253565
17.1	33.4952232
17.0	33.49731322
16.9	33.49880593
16.8	33.49970149
16.7	33.5
16.6	33.49970149
16.5	33.49880593
16.4	33.49731322
16.3	33.4952232
16.2	33.49253565
16.1	33.48925028
16.0	33.48536674
15.9	33.48088461
15.8	33.47580342
15.7	33.47012261
15.6	33.46384157
15.5	33.45695963
15.4	33.44947604
15.3	33.44139
15.2	33.43270062
15.1	33.42340697
15.0	33.41350803
14.9	33.40300273
14.8	33.39188992
14.7	33.38016837
14.6	33.3678368
14.5	33.35489386
14.4	33.3413381
14.3	33.32716803
14.2	33.31238208
14.1	33.29697858
14.0	33.28095581
13.9	33.26431197
13.8	33.24704519
13.7	33.2291535
13.6	33.21063486
13.5	33.19148716
13.4	33.17170819
13.3	33.15129568
13.2	33.13024725
13.1	33.10856045
13.0	33.08623274
12.9	33.06326148
12.8	33.03964395
12.7	33.01537734
12.6	32.99045874
12.5	32.96488514
12.4	32.93865343
12.3	32.91176042
12.2	32.8842028
12.1	32.85597715
12.0	32.82707996
11.9	32.79750759
11.8	32.76725632
11.7	32.73632228
11.6	32.7047015
11.5	32.6723899
11.4	32.63938325
11.3	32.60567722
11.2	32.57126733
11.1	32.53614899
11.0	32.50031746
10.9	32.46376785
10.8	32.42649514
10.7	32.38849417
10.6	32.34975961
10.5	32.31028599
10.4	32.27006765
10.3	32.22909881
10.2	32.18737348
10.1	32.14488551
10.0	32.10162858
9.9	32.05759615
9.8	32.01278153
9.7	31.96717779
9.6	31.92077783
9.5	31.87357431
9.4	31.82555969
9.3	31.77672619
9.2	31.7270658
9.1	31.67657027
9.0	31.62523109
8.9	31.5730395
8.8	31.51998646
8.7	31.46606265
8.6	31.41125847
8.5	31.35556401
8.4	31.29896904
8.3	31.241463
8.2	31.18303502
8.1	31.12367385
8.0	31.06336788
7.9	31.00210511
7.8	30.93987315
7.7	30.87665919
7.6	30.81245
7.5	30.74723187
7.4	30.68099063
7.3	30.61371162
7.2	30.54537966
7.1	30.47597902
7.0	30.4054934
6.9	30.33390592
6.8	30.26119906
6.7	30.18735465
6.6	30.11235383
6.5	30.03617703
6.4	29.95880388
6.3	29.88021325
6.2	29.80038314
6.1	29.71929065
6.0	29.63691197
5.9	29.55322225
5.8	29.46819563
5.7	29.3818051
5.6	29.29402248
5.5	29.20481834
5.4	29.11416192
5.3	29.02202102
5.2	28.92836196
5.1	28.83314942
5.0	28.7363464
4.9	28.63791403
4.8	28.5378115
4.7	28.43599589
4.6	28.33242203
4.5	28.2270423
4.4	28.11980651
4.3	28.01066161
4.2	27.89955156
4.1	27.78641699
4.0	27.67119499
3.9	27.55381877
3.8	27.43421733
3.7	27.31231509
3.6	27.18803142
3.5	27.06128023
3.4	26.93196936
3.3	26.8
3.2	26.66526601
3.1	26.52765309
3.0	26.38703793
2.9	26.2432871
2.8	26.09625593
2.7	25.94578708
2.6	25.79170891
2.5	25.63383363
2.4	25.47195506
2.3	25.30584595
2.2	25.13525492
2.1	24.95990256
2.0	24.77947694
1.9	24.59362799
1.8	24.40196053
1.7	24.20402576
1.6	23.99931031
1.5	23.78722246
1.4	23.56707415
1.3	23.33805738
1.2	23.09921255
1.1	22.84938521
1.0	22.58716541
0.9	22.3108003
0.8	22.01806416
0.7	21.7060569
0.6	21.37087654
0.5	21.00705297
0.4	20.60648804
0.3	20.15624427
0.3	19.63314065
0.2	18.98662692
0.1	18.04325172
0.1	15.45674828
0.1	14.51337308
0.3	13.86685935
0.4	13.34375573
0.4	12.89351196
0.6	12.49294703
0.6	12.12912346
0.8	11.7939431
0.9	11.48193584
0.9	11.1891997
1.1	10.91283459
1.2	10.65061479
1.3	10.40078745
1.4	10.16194262
1.5	9.932925848
1.6	9.712777537
1.7	9.500689688
1.8	9.295974242
1.9	9.098039467
2.0	8.906372013
2.1	8.720523056
2.2	8.540097443
2.3	8.364745084
2.4	8.194154045
2.5	8.028044944
2.6	7.866166368
2.6	7.708291091
2.7	7.554212921
2.8	7.403744065
2.9	7.256712898
3.0	7.112962073
3.1	6.972346907
3.2	6.834733992
3.3	6.7
3.4	6.568030642
3.5	6.438719769
3.6	6.311968576
3.7	6.187684913
3.8	6.065782668
3.9	5.946181231
4.0	5.82880501
4.1	5.713583009
4.2	5.60044844
4.3	5.489338385
4.4	5.380193493
4.5	5.272957698
4.6	5.167577973
4.7	5.064004107
4.8	4.962188498
4.9	4.862085969
5.0	4.763653601
5.1	4.666850576
5.2	4.571638041
5.3	4.477978977
5.4	4.385838079
5.5	4.295181655
5.6	4.205977519
5.7	4.118194903
5.8	4.031804373
5.9	3.946777749
6.0	3.863088035
6.1	3.780709349
6.2	3.699616864
6.3	3.61978675
6.4	3.541196118
6.5	3.463822973
6.6	3.387646165
6.7	3.31264535
6.8	3.238800941
6.9	3.166094082
7.0	3.0945066
7.1	3.024020982
7.2	2.954620339
7.3	2.886288376
7.4	2.819009368
7.5	2.752768131
7.6	2.68755
7.7	2.623340805
7.8	2.56012685
7.9	2.497894892
8.0	2.436632122
8.1	2.376326148
8.2	2.316964976
8.3	2.258536996
8.4	2.201030964
8.5	2.144435992
8.6	2.088741527
8.7	2.033937347
8.8	1.980013541
8.9	1.926960501
9.0	1.874768909
9.1	1.823429731
9.2	1.772934199
9.3	1.72327381
9.4	1.674440309
9.5	1.626425687
9.6	1.579222169
9.7	1.532822206
9.8	1.487218471
9.9	1.442403846
10.0	1.398371422
10.1	1.355114486
10.2	1.312626519
10.3	1.270901189
10.4	1.229932346
10.5	1.189714013
10.6	1.150240386
10.7	1.111505827
10.8	1.073504856
10.9	1.036232151
11.0	0.999682543
11.1	0.963851008
11.2	0.928732668
11.3	0.894322783
11.4	0.860616752
11.5	0.827610104
11.6	0.795298499
11.7	0.763677721
11.8	0.732743681
11.9	0.702492405
12.0	0.672920041
12.1	0.644022849
12.2	0.6157972
12.3	0.588239576
12.4	0.561346566
12.5	0.535114863
12.6	0.509541263
12.7	0.48462266
12.8	0.460356051
12.9	0.436738524
13.0	0.413767264
13.1	0.39143955
13.2	0.369752749
13.3	0.348704319
13.4	0.328291806
13.5	0.308512841
13.6	0.28936514
13.7	0.270846502
13.8	0.25295481
13.9	0.235688025
14.0	0.21904419
14.1	0.203021424
14.2	0.187617925
14.3	0.172831967
14.4	0.158661898
14.5	0.145106143
14.6	0.132163197
14.7	0.11983163
14.8	0.108110083
14.9	0.096997268
15.0	0.086491966
15.1	0.07659303
15.2	0.067299379
15.3	0.058610004
15.4	0.05052396
15.5	0.043040372
15.6	0.036158431
15.7	0.029877393
15.8	0.024196581
15.9	0.019115385
16.0	0.014633258
16.1	0.010749718
16.2	0.00746435
16.3	0.004776801
16.4	0.002686783
16.5	0.001194072
16.6	0.00029851
16.7	0
16.8	0.00029851
16.9	0.001194072
17.0	0.002686783
17.1	0.004776801
17.2	0.00746435
17.3	0.010749718
17.4	0.014633258
17.5	0.019115385
17.6	0.024196581
17.7	0.029877393
17.8	0.036158431
17.9	0.043040372
18.0	0.05052396
18.1	0.058610004
18.2	0.067299379
18.3	0.07659303
18.4	0.086491966
18.5	0.096997268
18.6	0.108110083
18.7	0.11983163
18.8	0.132163197
18.9	0.145106143
19.0	0.158661898
19.1	0.172831967
19.2	0.187617925
19.3	0.203021424
19.4	0.21904419
19.5	0.235688025
19.6	0.25295481
19.7	0.270846502
19.8	0.28936514
19.9	0.308512841
20.0	0.328291806
20.1	0.348704319
20.2	0.369752749
20.3	0.39143955
20.4	0.413767264
20.5	0.436738524
20.6	0.460356051
20.7	0.48462266
20.8	0.509541263
20.9	0.535114863
21.0	0.561346566
21.1	0.588239576
21.2	0.6157972
21.3	0.644022849
21.4	0.672920041
21.5	0.702492405
21.6	0.732743681
21.7	0.763677721
21.8	0.795298499
21.9	0.827610104
22.0	0.860616752
22.1	0.894322783
22.2	0.928732668
22.3	0.963851008
22.4	0.999682543
22.5	1.036232151
22.6	1.073504856
22.7	1.111505827
22.8	1.150240386
22.9	1.189714013
23.0	1.229932346
23.1	1.270901189
23.2	1.312626519
23.3	1.355114486
23.4	1.398371422
23.5	1.442403846
23.6	1.487218471
23.7	1.532822206
23.8	1.579222169
23.9	1.626425687
24.0	1.674440309
24.1	1.72327381
24.2	1.772934199
24.3	1.823429731
24.4	1.874768909
24.5	1.926960501
24.6	1.980013541
24.7	2.033937347
24.8	2.088741527
24.9	2.144435992
25.0	2.201030964
25.1	2.258536996
25.2	2.316964976
25.3	2.376326148
25.4	2.436632122
25.5	2.497894892
25.6	2.56012685
25.7	2.623340805
25.8	2.68755
25.9	2.752768131
26.0	2.819009368
26.1	2.886288376
26.2	2.954620339
26.3	3.024020982
26.4	3.0945066
26.5	3.166094082
26.6	3.238800941
26.7	3.31264535
26.8	3.387646165
26.9	3.463822973
27.0	3.541196118
27.1	3.61978675
27.2	3.699616864
27.3	3.780709349
27.4	3.863088035
27.5	3.946777749
27.6	4.031804373
27.7	4.118194903
27.8	4.205977519
27.9	4.295181655
28.0	4.385838079
28.1	4.477978977
28.2	4.571638041
28.3	4.666850576
28.4	4.763653601
28.5	4.862085969
28.6	4.962188498
28.7	5.064004107
28.8	5.167577973
28.9	5.272957698
29.0	5.380193493
29.1	5.489338385
29.2	5.60044844
29.3	5.713583009
29.4	5.82880501
29.5	5.946181231
29.6	6.065782668
29.7	6.187684913
29.8	6.311968576
29.9	6.438719769
30.0	6.568030642
30.1	6.7
30.2	6.834733992
30.3	6.972346907
30.4	7.112962073
30.5	7.256712898
30.6	7.403744065
30.7	7.554212921
30.8	7.708291091
30.9	7.866166368
31.0	8.028044944
31.1	8.194154045
31.2	8.364745084
31.3	8.540097443
31.4	8.720523056
31.5	8.906372013
31.6	9.098039467
31.7	9.295974242
31.8	9.500689688
31.9	9.712777537
32.0	9.932925848
32.1	10.16194262
32.2	10.40078745
32.3	10.65061479
32.4	10.91283459
32.5	11.1891997
32.6	11.48193584
32.7	11.7939431
32.8	12.12912346
32.9	12.49294703
33.0	12.89351196
33.1	13.34375573
33.2	13.86685935
33.3	14.51337308
35.15	18.98662692
35.25	19.63314065
35.35	20.15624427
35.45	20.60648804
35.55	21.00705297
35.65	21.37087654
35.75	21.7060569
35.85	22.01806416
35.95	22.3108003
36.05	22.58716541
36.15	22.84938521
36.25	23.09921255
36.35	23.33805738
36.45	23.56707415
36.55	23.78722246
36.65	23.99931031
36.75	24.20402576
36.85	24.40196053
36.95	24.59362799
37.05	24.77947694
37.15	24.95990256
37.25	25.13525492
37.35	25.30584595
37.45	25.47195506
37.55	25.63383363
37.65	25.79170891
37.75	25.94578708
37.85	26.09625593
37.95	26.2432871
38.05	26.38703793
38.15	26.52765309
38.25	26.66526601
38.35	26.8
38.45	26.93196936
38.55	27.06128023
38.65	27.18803142
38.75	27.31231509
38.85	27.43421733
38.95	27.55381877
39.05	27.67119499
39.15	27.78641699
39.25	27.89955156
39.35	28.01066161
39.45	28.11980651
39.55	28.2270423
39.65	28.33242203
39.75	28.43599589
39.85	28.5378115
39.95	28.63791403
40.05	28.7363464
40.15	28.83314942
40.25	28.92836196
40.35	29.02202102
40.45	29.11416192
40.55	29.20481834
40.65	29.29402248
40.75	29.3818051
40.85	29.46819563
40.95	29.55322225
41.05	29.63691197
41.15	29.71929065
41.25	29.80038314
41.35	29.88021325
41.45	29.95880388
41.55	30.03617703
41.65	30.11235383
41.75	30.18735465
41.85	30.26119906
41.95	30.33390592
42.05	30.4054934
42.15	30.47597902
42.25	30.54537966
42.35	30.61371162
42.45	30.68099063
42.55	30.74723187
42.65	30.81245
42.75	30.87665919
42.85	30.93987315
42.95	31.00210511
43.05	31.06336788
43.15	31.12367385
43.25	31.18303502
43.35	31.241463
43.45	31.29896904
43.55	31.35556401
43.65	31.41125847
43.75	31.46606265
43.85	31.51998646
43.95	31.5730395
44.05	31.62523109
44.15	31.67657027
44.25	31.7270658
44.35	31.77672619
44.45	31.82555969
44.55	31.87357431
44.65	31.92077783
44.75	31.96717779
44.85	32.01278153
44.95	32.05759615
45.05	32.10162858
45.15	32.14488551
45.25	32.18737348
45.35	32.22909881
45.45	32.27006765
45.55	32.31028599
45.65	32.34975961
45.75	32.38849417
45.85	32.42649514
45.95	32.46376785
46.05	32.50031746
46.15	32.53614899
46.25	32.57126733
46.35	32.60567722
46.45	32.63938325
46.55	32.6723899
46.65	32.7047015
46.75	32.73632228
46.85	32.76725632
46.95	32.79750759
47.05	32.82707996
47.15	32.85597715
47.25	32.8842028
47.35	32.91176042
47.45	32.93865343
47.55	32.96488514
47.65	32.99045874
47.75	33.01537734
47.85	33.03964395
47.95	33.06326148
48.05	33.08623274
48.15	33.10856045
48.25	33.13024725
48.35	33.15129568
48.45	33.17170819
48.55	33.19148716
48.65	33.21063486
48.75	33.2291535
48.85	33.24704519
48.95	33.26431197
49.05	33.28095581
49.15	33.29697858
49.25	33.31238208
49.35	33.32716803
49.45	33.3413381
49.55	33.35489386
49.65	33.3678368
49.75	33.38016837
49.85	33.39188992
49.95	33.40300273
50.05	33.41350803
50.15	33.42340697
50.25	33.43270062
50.35	33.44139
50.45	33.44947604
50.55	33.45695963
50.65	33.46384157
50.75	33.47012261
50.85	33.47580342
50.95	33.48088461
51.05	33.48536674
51.15	33.48925028
51.25	33.49253565
51.35	33.4952232
51.45	33.49731322
51.55	33.49880593
51.65	33.49970149
51.75	33.5
51.85	33.49970149
51.95	33.49880593
52.05	33.49731322
52.15	33.4952232
52.25	33.49253565
52.35	33.48925028
52.45	33.48536674
52.55	33.48088461
52.65	33.47580342
52.75	33.47012261
52.85	33.46384157
52.95	33.45695963
53.05	33.44947604
53.15	33.44139
53.25	33.43270062
53.35	33.42340697
53.45	33.41350803
53.55	33.40300273
53.65	33.39188992
53.75	33.38016837
53.85	33.3678368
53.95	33.35489386
54.05	33.3413381
54.15	33.32716803
54.25	33.31238208
54.35	33.29697858
54.45	33.28095581
54.55	33.26431197
54.65	33.24704519
54.75	33.2291535
54.85	33.21063486
54.95	33.19148716
55.05	33.17170819
55.15	33.15129568
55.25	33.13024725
55.35	33.10856045
55.45	33.08623274
55.55	33.06326148
55.65	33.03964395
55.75	33.01537734
55.85	32.99045874
55.95	32.96488514
56.05	32.93865343
56.15	32.91176042
56.25	32.8842028
56.35	32.85597715
56.45	32.82707996
56.55	32.79750759
56.65	32.76725632
56.75	32.73632228
56.85	32.7047015
56.95	32.6723899
57.05	32.63938325
57.15	32.60567722
57.25	32.57126733
57.35	32.53614899
57.45	32.50031746
57.55	32.46376785
57.65	32.42649514
57.75	32.38849417
57.85	32.34975961
57.95	32.31028599
58.05	32.27006765
58.15	32.22909881
58.25	32.18737348
58.35	32.14488551
58.45	32.10162858
58.55	32.05759615
58.65	32.01278153
58.75	31.96717779
58.85	31.92077783
58.95	31.87357431
59.05	31.82555969
59.15	31.77672619
59.25	31.7270658
59.35	31.67657027
59.45	31.62523109
59.55	31.5730395
59.65	31.51998646
59.75	31.46606265
59.85	31.41125847
59.95	31.35556401
60.05	31.29896904
60.15	31.241463
60.25	31.18303502
60.35	31.12367385
60.45	31.06336788
60.55	31.00210511
60.65	30.93987315
60.75	30.87665919
60.85	30.81245
60.95	30.74723187
61.05	30.68099063
61.15	30.61371162
61.25	30.54537966
61.35	30.47597902
61.45	30.4054934
61.55	30.33390592
61.65	30.26119906
61.75	30.18735465
61.85	30.11235383
61.95	30.03617703
62.05	29.95880388
62.15	29.88021325
62.25	29.80038314
62.35	29.71929065
62.45	29.63691197
62.55	29.55322225
62.65	29.46819563
62.75	29.3818051
62.85	29.29402248
62.95	29.20481834
63.05	29.11416192
63.15	29.02202102
63.25	28.92836196
63.35	28.83314942
63.45	28.7363464
63.55	28.63791403
63.65	28.5378115
63.75	28.43599589
63.85	28.33242203
63.95	28.2270423
64.05	28.11980651
64.15	28.01066161
64.25	27.89955156
64.35	27.78641699
64.45	27.67119499
64.55	27.55381877
64.65	27.43421733
64.75	27.31231509
64.85	27.18803142
64.95	27.06128023
65.05	26.93196936
65.15	26.8
65.25	26.66526601
65.35	26.52765309
65.45	26.38703793
65.55	26.2432871
65.65	26.09625593
65.75	25.94578708
65.85	25.79170891
65.95	25.63383363
66.05	25.47195506
66.15	25.30584595
66.25	25.13525492
66.35	24.95990256
66.45	24.77947694
66.55	24.59362799
66.65	24.40196053
66.75	24.20402576
66.85	23.99931031
66.95	23.78722246
67.05	23.56707415
67.15	23.33805738
67.25	23.09921255
67.35	22.84938521
67.45	22.58716541
67.55	22.3108003
67.65	22.01806416
67.75	21.7060569
67.85	21.37087654
67.95	21.00705297
68.05	20.60648804
68.15	20.15624427
68.25	19.63314065
68.35	18.98662692
68.45	18.04325172
68.45	15.45674828
68.35	14.51337308
68.25	13.86685935
68.15	13.34375573
68.05	12.89351196
67.95	12.49294703
67.85	12.12912346
67.75	11.7939431
67.65	11.48193584
67.55	11.1891997
67.45	10.91283459
67.35	10.65061479
67.25	10.40078745
67.15	10.16194262
67.05	9.932925848
66.95	9.712777537
66.85	9.500689688
66.75	9.295974242
66.65	9.098039467
66.55	8.906372013
66.45	8.720523056
66.35	8.540097443
66.25	8.364745084
66.15	8.194154045
66.05	8.028044944
65.95	7.866166368
65.85	7.708291091
65.75	7.554212921
65.65	7.403744065
65.55	7.256712898
65.45	7.112962073
65.35	6.972346907
65.25	6.834733992
65.15	6.7
65.05	6.568030642
64.95	6.438719769
64.85	6.311968576
64.75	6.187684913
64.65	6.065782668
64.55	5.946181231
64.45	5.82880501
64.35	5.713583009
64.25	5.60044844
64.15	5.489338385
64.05	5.380193493
63.95	5.272957698
63.85	5.167577973
63.75	5.064004107
63.65	4.962188498
63.55	4.862085969
63.45	4.763653601
63.35	4.666850576
63.25	4.571638041
63.15	4.477978977
63.05	4.385838079
62.95	4.295181655
62.85	4.205977519
62.75	4.118194903
62.65	4.031804373
62.55	3.946777749
62.45	3.863088035
62.35	3.780709349
62.25	3.699616864
62.15	3.61978675
62.05	3.541196118
61.95	3.463822973
61.85	3.387646165
61.75	3.31264535
61.65	3.238800941
61.55	3.166094082
61.45	3.0945066
61.35	3.024020982
61.25	2.954620339
61.15	2.886288376
61.05	2.819009368
60.95	2.752768131
60.85	2.68755
60.75	2.623340805
60.65	2.56012685
60.55	2.497894892
60.45	2.436632122
60.35	2.376326148
60.25	2.316964976
60.15	2.258536996
60.05	2.201030964
59.95	2.144435992
59.85	2.088741527
59.75	2.033937347
59.65	1.980013541
59.55	1.926960501
59.45	1.874768909
59.35	1.823429731
59.25	1.772934199
59.15	1.72327381
59.05	1.674440309
58.95	1.626425687
58.85	1.579222169
58.75	1.532822206
58.65	1.487218471
58.55	1.442403846
58.45	1.398371422
58.35	1.355114486
58.25	1.312626519
58.15	1.270901189
58.05	1.229932346
57.95	1.189714013
57.85	1.150240386
57.75	1.111505827
57.65	1.073504856
57.55	1.036232151
57.45	0.999682543
57.35	0.963851008
57.25	0.928732668
57.15	0.894322783
57.05	0.860616752
56.95	0.827610104
56.85	0.795298499
56.75	0.763677721
56.65	0.732743681
56.55	0.702492405
56.45	0.672920041
56.35	0.644022849
56.25	0.6157972
56.15	0.588239576
56.05	0.561346566
55.95	0.535114863
55.85	0.509541263
55.75	0.48462266
55.65	0.460356051
55.55	0.436738524
55.45	0.413767264
55.35	0.39143955
55.25	0.369752749
55.15	0.348704319
55.05	0.328291806
54.95	0.308512841
54.85	0.28936514
54.75	0.270846502
54.65	0.25295481
54.55	0.235688025
54.45	0.21904419
54.35	0.203021424
54.25	0.187617925
54.15	0.172831967
54.05	0.158661898
53.95	0.145106143
53.85	0.132163197
53.75	0.11983163
53.65	0.108110083
53.55	0.096997268
53.45	0.086491966
53.35	0.07659303
53.25	0.067299379
53.15	0.058610004
53.05	0.05052396
52.95	0.043040372
52.85	0.036158431
52.75	0.029877393
52.65	0.024196581
52.55	0.019115385
52.45	0.014633258
52.35	0.010749718
52.25	0.00746435
52.15	0.004776801
52.05	0.002686783
51.95	0.001194072
51.85	0.00029851
51.75	0
51.65	0.00029851
51.55	0.001194072
51.45	0.002686783
51.35	0.004776801
51.25	0.00746435
51.15	0.010749718
51.05	0.014633258
50.95	0.019115385
50.85	0.024196581
50.75	0.029877393
50.65	0.036158431
50.55	0.043040372
50.45	0.05052396
50.35	0.058610004
50.25	0.067299379
50.15	0.07659303
50.05	0.086491966
49.95	0.096997268
49.85	0.108110083
49.75	0.11983163
49.65	0.132163197
49.55	0.145106143
49.45	0.158661898
49.35	0.172831967
49.25	0.187617925
49.15	0.203021424
49.05	0.21904419
48.95	0.235688025
48.85	0.25295481
48.75	0.270846502
48.65	0.28936514
48.55	0.308512841
48.45	0.328291806
48.35	0.348704319
48.25	0.369752749
48.15	0.39143955
48.05	0.413767264
47.95	0.436738524
47.85	0.460356051
47.75	0.48462266
47.65	0.509541263
47.55	0.535114863
47.45	0.561346566
47.35	0.588239576
47.25	0.6157972
47.15	0.644022849
47.05	0.672920041
46.95	0.702492405
46.85	0.732743681
46.75	0.763677721
46.65	0.795298499
46.55	0.827610104
46.45	0.860616752
46.35	0.894322783
46.25	0.928732668
46.15	0.963851008
46.05	0.999682543
45.95	1.036232151
45.85	1.073504856
45.75	1.111505827
45.65	1.150240386
45.55	1.189714013
45.45	1.229932346
45.35	1.270901189
45.25	1.312626519
45.15	1.355114486
45.05	1.398371422
44.95	1.442403846
44.85	1.487218471
44.75	1.532822206
44.65	1.579222169
44.55	1.626425687
44.45	1.674440309
44.35	1.72327381
44.25	1.772934199
44.15	1.823429731
44.05	1.874768909
43.95	1.926960501
43.85	1.980013541
43.75	2.033937347
43.65	2.088741527
43.55	2.144435992
43.45	2.201030964
43.35	2.258536996
43.25	2.316964976
43.15	2.376326148
43.05	2.436632122
42.95	2.497894892
42.85	2.56012685
42.75	2.623340805
42.65	2.68755
42.55	2.752768131
42.45	2.819009368
42.35	2.886288376
42.25	2.954620339
42.15	3.024020982
42.05	3.0945066
41.95	3.166094082
41.85	3.238800941
41.75	3.31264535
41.65	3.387646165
41.55	3.463822973
41.45	3.541196118
41.35	3.61978675
41.25	3.699616864
41.15	3.780709349
41.05	3.863088035
40.95	3.946777749
40.85	4.031804373
40.75	4.118194903
40.65	4.205977519
40.55	4.295181655
40.45	4.385838079
40.35	4.477978977
40.25	4.571638041
40.15	4.666850576
40.05	4.763653601
39.95	4.862085969
39.85	4.962188498
39.75	5.064004107
39.65	5.167577973
39.55	5.272957698
39.45	5.380193493
39.35	5.489338385
39.25	5.60044844
39.15	5.713583009
39.05	5.82880501
38.95	5.946181231
38.85	6.065782668
38.75	6.187684913
38.65	6.311968576
38.55	6.438719769
38.45	6.568030642
38.35	6.7
38.25	6.834733992
38.15	6.972346907
38.05	7.112962073
37.95	7.256712898
37.85	7.403744065
37.75	7.554212921
37.65	7.708291091
37.55	7.866166368
37.45	8.028044944
37.35	8.194154045
37.25	8.364745084
37.15	8.540097443
37.05	8.720523056
36.95	8.906372013
36.85	9.098039467
36.75	9.295974242
36.65	9.500689688
36.55	9.712777537
36.45	9.932925848
36.35	10.16194262
36.25	10.40078745
36.15	10.65061479
36.05	10.91283459
35.95	11.1891997
35.85	11.48193584
35.75	11.7939431
35.65	12.12912346
35.55	12.49294703
35.45	12.89351196
35.35	13.34375573
35.25	13.86685935
35.15	14.51337308
35.05	15.45674828
